9.260000000000000453e-01
9.060000000000000275e-01
9.290000000000000480e-01
9.200000000000000400e-01
9.429999999999999494e-01
9.479999999999999538e-01
9.310000000000000497e-01
9.330000000000000515e-01
9.379999999999999449e-01
9.379999999999999449e-01
9.320000000000000506e-01
9.489999999999999547e-01
9.459999999999999520e-01
9.419999999999999485e-01
9.399999999999999467e-01
9.350000000000000533e-01
9.429999999999999494e-01
9.499999999999999556e-01
9.519999999999999574e-01
9.529999999999999583e-01
9.529999999999999583e-01
9.499999999999999556e-01
9.549999999999999600e-01
9.539999999999999591e-01
