9.759999999999999787e-01
9.859999999999999876e-01
9.779999999999999805e-01
9.819999999999999840e-01
9.859999999999999876e-01
9.889999999999999902e-01
9.879999999999999893e-01
9.889999999999999902e-01
9.879999999999999893e-01
9.859999999999999876e-01
9.899999999999999911e-01
9.899999999999999911e-01
9.899999999999999911e-01
9.909999999999999920e-01
9.909999999999999920e-01
9.909999999999999920e-01
9.889999999999999902e-01
9.899999999999999911e-01
9.919999999999999929e-01
9.919999999999999929e-01
9.919999999999999929e-01
9.929999999999999938e-01
9.929999999999999938e-01
9.929999999999999938e-01
9.919999999999999929e-01
9.929999999999999938e-01
9.909999999999999920e-01
9.919999999999999929e-01
9.909999999999999920e-01
9.909999999999999920e-01
9.919999999999999929e-01
9.919999999999999929e-01
9.919999999999999929e-01
