8.830000000000000071e-01
8.679999999999999938e-01
8.950000000000000178e-01
8.930000000000000160e-01
8.770000000000000018e-01
8.770000000000000018e-01
8.669999999999999929e-01
8.719999999999999973e-01
8.930000000000000160e-01
9.010000000000000231e-01
8.880000000000000115e-01
8.850000000000000089e-01
8.900000000000000133e-01
8.920000000000000151e-01
8.990000000000000213e-01
8.970000000000000195e-01
8.930000000000000160e-01
9.000000000000000222e-01
8.990000000000000213e-01
8.980000000000000204e-01
9.050000000000000266e-01
9.010000000000000231e-01
8.990000000000000213e-01
8.990000000000000213e-01
9.000000000000000222e-01
9.000000000000000222e-01
8.980000000000000204e-01
8.970000000000000195e-01
9.020000000000000240e-01
9.050000000000000266e-01
9.030000000000000249e-01
9.010000000000000231e-01
9.020000000000000240e-01
