9.639999999999999680e-01
9.709999999999999742e-01
9.859999999999999876e-01
9.779999999999999805e-01
9.789999999999999813e-01
9.829999999999999849e-01
9.809999999999999831e-01
9.849999999999999867e-01
9.849999999999999867e-01
9.859999999999999876e-01
9.859999999999999876e-01
9.849999999999999867e-01
9.849999999999999867e-01
9.849999999999999867e-01
9.839999999999999858e-01
9.849999999999999867e-01
9.839999999999999858e-01
9.819999999999999840e-01
9.859999999999999876e-01
9.849999999999999867e-01
9.839999999999999858e-01
9.859999999999999876e-01
9.859999999999999876e-01
9.849999999999999867e-01
9.839999999999999858e-01
9.849999999999999867e-01
9.849999999999999867e-01
9.849999999999999867e-01
9.849999999999999867e-01
9.829999999999999849e-01
9.839999999999999858e-01
9.829999999999999849e-01
9.849999999999999867e-01
